23 	25 
24 	109 
25 	23 
26 	28 
27 	118 
28 	26 
29 	31 
29 	32 
29 	34 
30 	127 
30 	136 
30 	33 
31 	29 
31 	32 
31 	34 
32 	29 
32 	31 
32 	34 
33 	127 
33 	136 
33 	30 
34 	29 
34 	31 
34 	32 
35 	37 
36 	145 
37 	35 
38 	40 
39 	154 
40 	38 
41 	43 
42 	163 
43 	41 
44 	46 
45 	172 
46 	44 
47 	49 
48 	181 
49 	47 
50 	52 
50 	53 
50 	55 
50 	59 
50 	61 
51 	190 
51 	199 
51 	217 
51 	54 
51 	60 
52 	50 
52 	53 
52 	55 
52 	59 
52 	61 
53 	50 
53 	52 
53 	55 
53 	59 
53 	61 
54 	190 
54 	199 
54 	217 
54 	51 
54 	60 
55 	50 
55 	52 
55 	53 
55 	59 
55 	61 
56 	58 
56 	62 
56 	64 
57 	208 
57 	226 
57 	63 
58 	56 
58 	62 
58 	64 
59 	50 
59 	52 
59 	53 
59 	55 
59 	61 
60 	190 
60 	199 
60 	217 
60 	51 
60 	54 
61 	50 
61 	52 
61 	53 
61 	55 
61 	59 
62 	56 
62 	58 
62 	64 
63 	208 
63 	226 
63 	57 
64 	56 
64 	58 
64 	62 
65 	67 
66 	235 
67 	65 
71 	73 
72 	253 
73 	71 
74 	76 
75 	262 
76 	74 
78 	80 
79 	271 
80 	78 
109 	24 
110 	111 
111 	110 
112 	113 
113 	112 
114 	115 
115 	114 
116 	282 
118 	27 
119 	120 
120 	119 
121 	122 
122 	121 
123 	124 
124 	123 
125 	283 
127 	136 
127 	30 
127 	33 
128 	129 
128 	137 
128 	138 
129 	128 
129 	137 
129 	138 
130 	131 
130 	139 
130 	140 
131 	130 
131 	139 
131 	140 
132 	133 
132 	141 
132 	142 
133 	132 
133 	141 
133 	142 
134 	143 
134 	284 
134 	285 
136 	127 
136 	30 
136 	33 
137 	128 
137 	129 
137 	138 
138 	128 
138 	129 
138 	137 
139 	130 
139 	131 
139 	140 
140 	130 
140 	131 
140 	139 
141 	132 
141 	133 
141 	142 
142 	132 
142 	133 
142 	141 
143 	134 
143 	284 
143 	285 
145 	36 
146 	147 
147 	146 
148 	149 
149 	148 
150 	151 
151 	150 
152 	286 
154 	39 
155 	156 
156 	155 
157 	158 
158 	157 
159 	160 
160 	159 
161 	287 
163 	42 
164 	165 
165 	164 
166 	167 
167 	166 
168 	169 
169 	168 
170 	288 
172 	45 
173 	174 
174 	173 
175 	176 
176 	175 
177 	178 
178 	177 
179 	289 
181 	48 
182 	183 
183 	182 
184 	185 
185 	184 
186 	187 
187 	186 
188 	290 
190 	199 
190 	217 
190 	51 
190 	54 
190 	60 
191 	192 
191 	200 
191 	201 
191 	218 
191 	219 
192 	191 
192 	200 
192 	201 
192 	218 
192 	219 
193 	194 
193 	202 
193 	203 
193 	220 
193 	221 
194 	193 
194 	202 
194 	203 
194 	220 
194 	221 
195 	196 
195 	204 
195 	205 
195 	222 
195 	223 
196 	195 
196 	204 
196 	205 
196 	222 
196 	223 
197 	206 
197 	224 
197 	291 
197 	292 
197 	294 
199 	190 
199 	217 
199 	51 
199 	54 
199 	60 
200 	191 
200 	192 
200 	201 
200 	218 
200 	219 
201 	191 
201 	192 
201 	200 
201 	218 
201 	219 
202 	193 
202 	194 
202 	203 
202 	220 
202 	221 
203 	193 
203 	194 
203 	202 
203 	220 
203 	221 
204 	195 
204 	196 
204 	205 
204 	222 
204 	223 
205 	195 
205 	196 
205 	204 
205 	222 
205 	223 
206 	197 
206 	224 
206 	291 
206 	292 
206 	294 
208 	226 
208 	57 
208 	63 
209 	210 
209 	227 
209 	228 
210 	209 
210 	227 
210 	228 
211 	212 
211 	229 
211 	230 
212 	211 
212 	229 
212 	230 
213 	214 
213 	231 
213 	232 
214 	213 
214 	231 
214 	232 
215 	233 
215 	293 
215 	295 
217 	190 
217 	199 
217 	51 
217 	54 
217 	60 
218 	191 
218 	192 
218 	200 
218 	201 
218 	219 
219 	191 
219 	192 
219 	200 
219 	201 
219 	218 
220 	193 
220 	194 
220 	202 
220 	203 
220 	221 
221 	193 
221 	194 
221 	202 
221 	203 
221 	220 
222 	195 
222 	196 
222 	204 
222 	205 
222 	223 
223 	195 
223 	196 
223 	204 
223 	205 
223 	222 
224 	197 
224 	206 
224 	291 
224 	292 
224 	294 
226 	208 
226 	57 
226 	63 
227 	209 
227 	210 
227 	228 
228 	209 
228 	210 
228 	227 
229 	211 
229 	212 
229 	230 
230 	211 
230 	212 
230 	229 
231 	213 
231 	214 
231 	232 
232 	213 
232 	214 
232 	231 
233 	215 
233 	293 
233 	295 
235 	66 
236 	237 
237 	236 
238 	239 
239 	238 
240 	241 
241 	240 
242 	296 
253 	72 
254 	255 
255 	254 
256 	257 
257 	256 
258 	259 
259 	258 
260 	298 
262 	75 
263 	264 
264 	263 
265 	266 
266 	265 
267 	268 
268 	267 
269 	299 
271 	79 
272 	273 
273 	272 
274 	275 
275 	274 
276 	277 
277 	276 
278 	300 
282 	116 
283 	125 
284 	134 
284 	143 
284 	285 
285 	134 
285 	143 
285 	284 
286 	152 
287 	161 
288 	170 
289 	179 
290 	188 
291 	197 
291 	206 
291 	224 
291 	292 
291 	294 
292 	197 
292 	206 
292 	224 
292 	291 
292 	294 
293 	215 
293 	233 
293 	295 
294 	197 
294 	206 
294 	224 
294 	291 
294 	292 
295 	215 
295 	233 
295 	293 
296 	242 
298 	260 
299 	269 
300 	278 
